12345                   15.0                20.0           15.0             9.0               36.0
67890                   12.0                17.0           10.0             8.0               30.0
11223                   12.0                18.0           12.0             9.0               32.0
12345                    5.0                11.0            7.0             1.0                4.0
23456                    7.0                 8.0           10.0             5.0               25.0
12390                   11.0                19.0           10.0             1.0               29.0
90234                   14.0                19.0           10.0             9.0               10.0
90259                   14.0                19.0           15.0             5.0               20.0
44992                    5.0                11.0           14.0             9.0               25.0
34488                   11.0                15.0            8.0             9.0               30.0
99442                   11.0                13.0           12.0             9.0               15.0
